CMDBEGINset_input5_low={nothing&}&CMDEND
CMDBEGINset_input5_high={nothing&}&CMDEND
CMDBEGINset_input5_double={nothing&}&CMDEND
CMDBEGINset_input5_single={nothing&}&CMDEND
CMDBEGINset_input5_low={nothing&}&CMDEND
CMDBEGINset_input5_low={set_load1=toggle,251&}&CMDEND
CMDBEGINset_ssid1=SARA_2Ghz&set_ssid1_pass=12345679&cfg_save=0&mod_reboot=0&CMDEND
CMDBEGINset_id=250&cfg_save=0&mod_reboot=0&CMDEND
CMDBEGINset_url_upgrade=http://ec2-34-233-135-145.compute-1.amazonaws.com/FOTA/WShades&CMDEND
CMDBEGINset_url_upgrade=http://ec2-34-233-135-145.compute-1.amazonaws.com/FOTA/WinnerX&CMDEND
**************************************************************************************************
ch1601Up=CMDBEGINsend_rf_code=10;2050;4900;555;532;256;255;544;532;264;251;540;248;548;243;556;532;259;532;264;239;552;248;548;531;264;536;260;531;264;532;259;244;552;536;259;244;552;535;260;532;264;531;260;248;547;240;556;239;552;540;256;243;548;252;548;531;264;532;263;532;260;532;263;536;260;531;260;248;543;252;548;244;551;244;552;243;552;244;548;251;548;536;256;243;552;248;543;252;548;248;543;248;552;243;544;252;548;239;560;244;548;243;548;248;551;244;548;536;259;248;548;535;264;528;264;531;264;532;263;532;260;536;263;532;260;243;552;244;552;531;252;536;&CMDEND
ch1601Stop=CMDBEGINsend_rf_code=10;2050;4900;560;535;252;252;547;532;260;252;547;248;544;247;548;540;256;535;260;248;543;248;548;536;259;536;260;536;259;532;260;243;552;536;259;244;548;540;259;532;256;540;255;244;556;247;540;252;543;536;268;239;552;240;556;531;260;532;264;531;264;532;259;536;264;528;263;244;548;243;556;240;552;247;548;244;551;244;548;243;552;536;260;243;552;240;556;243;548;252;543;244;552;248;547;244;552;243;552;244;548;247;552;532;264;243;552;240;551;244;552;536;263;524;268;243;544;252;548;243;556;536;259;240;548;252;543;240;560;531;252;536;&CMDEND
ch1601Down=CMDBEGINsend_rf_code=10;2050;4900;560;531;264;244;552;539;256;244;547;248;548;243;552;536;252;544;255;252;544;247;544;536;263;536;256;544;251;536;260;247;544;544;256;247;544;540;255;532;264;532;259;248;548;243;552;252;544;531;268;240;547;252;548;536;259;536;260;536;255;532;268;535;256;532;259;248;544;256;539;248;552;243;552;240;556;243;544;256;543;532;268;239;552;248;548;243;552;244;548;247;552;248;544;247;548;248;551;244;548;536;259;244;552;247;548;248;548;243;552;540;256;539;256;244;543;252;548;536;255;540;260;243;548;252;543;252;544;536;259;528;&CMDEND
ch1602Up=CMDBEGINsend_rf_code=10;2050;4900;552;536;260;243;552;536;259;248;540;260;543;248;548;536;259;536;260;243;544;248;551;532;264;536;259;532;260;536;259;240;552;539;260;240;556;531;264;532;259;536;264;239;552;248;548;243;552;536;260;243;548;244;555;532;260;536;263;528;264;531;264;536;255;536;256;248;547;248;544;255;544;244;556;239;548;248;548;535;264;252;539;252;544;247;548;244;552;243;556;240;552;247;544;244;556;251;548;244;547;244;548;247;544;256;548;535;256;248;548;535;260;536;264;527;264;528;267;532;260;535;264;528;264;243;556;536;259;244;544;527;&CMDEND
ch1602Stop=CMDBEGINsend_rf_code=10;2050;4900;556;536;260;247;548;536;260;239;556;240;547;256;544;536;259;532;260;247;544;252;552;531;264;532;259;536;256;540;255;244;552;527;268;244;556;527;264;536;260;527;268;235;556;244;548;247;556;524;264;243;552;248;547;540;252;540;259;528;264;531;268;528;264;531;256;244;555;248;544;252;543;248;548;247;548;248;552;531;260;248;548;239;552;248;551;244;548;243;552;248;548;247;548;248;548;247;544;243;548;248;552;536;259;244;552;239;552;248;548;535;264;528;263;244;552;243;548;248;552;531;260;240;552;251;548;532;255;256;536;540;&CMDEND
ch1602Down=CMDBEGINsend_rf_code=10;2050;4900;560;528;259;244;556;532;251;260;544;243;548;248;547;536;260;532;263;244;548;243;556;532;260;531;264;528;268;527;260;248;547;532;264;243;548;536;264;531;260;532;259;244;552;243;552;244;556;531;260;244;552;239;556;528;267;528;264;528;267;528;264;535;260;532;259;244;548;243;552;248;548;247;548;248;548;243;548;540;260;243;544;252;543;248;552;243;552;240;548;247;548;252;543;244;552;248;543;252;548;532;259;248;548;243;552;244;551;244;552;532;267;528;256;251;544;244;556;531;268;524;259;244;552;243;552;536;260;243;540;536;&CMDEND
ch1603Up=CMDBEGINsend_rf_code=10;2050;4900;551;544;252;243;552;540;252;251;540;256;544;243;556;532;259;532;260;247;552;244;548;536;259;532;264;531;264;532;259;244;556;532;259;244;552;540;255;536;260;527;264;248;552;243;548;243;548;536;264;239;552;252;548;531;260;532;264;531;264;532;267;528;260;532;263;244;552;243;552;240;551;248;548;248;551;528;268;239;552;244;552;243;548;248;552;243;552;244;543;252;548;247;552;244;548;247;544;252;544;251;548;248;552;243;548;536;255;252;548;532;263;528;264;535;256;540;260;531;264;532;259;536;260;536;259;244;552;243;548;528;&CMDEND
ch1603Stop=CMDBEGINsend_rf_code=10;2050;4900;548;548;256;247;544;540;256;243;556;244;548;247;548;532;267;532;260;239;552;244;548;539;264;532;260;531;264;532;259;248;548;536;259;244;556;527;268;532;260;527;268;244;547;248;548;248;547;536;260;239;560;240;552;531;264;532;264;527;268;528;263;528;264;536;259;248;552;243;544;252;543;244;556;244;551;536;260;243;548;248;548;247;552;244;548;247;548;244;551;248;548;243;552;248;544;247;552;244;556;239;552;536;255;248;548;248;551;244;548;536;255;544;252;247;548;248;543;252;548;536;259;248;548;532;259;248;548;243;548;536;&CMDEND
ch1603Down=CMDBEGINsend_rf_code=10;2050;4900;560;536;260;239;552;536;260;251;540;252;547;248;544;544;259;540;248;247;548;248;556;527;260;532;263;532;264;536;259;244;552;536;255;248;548;535;264;528;263;540;248;247;552;248;548;247;548;536;256;247;552;248;548;531;256;536;267;528;264;532;267;528;264;535;256;244;552;243;552;244;547;248;548;247;548;536;260;243;552;248;548;247;548;244;551;244;552;243;552;248;544;251;548;244;548;247;548;244;556;531;260;248;547;244;552;243;548;252;544;531;264;532;264;239;556;244;547;532;264;536;259;244;548;535;264;244;552;243;540;540;&CMDEND
ch1604Up=CMDBEGINsend_rf_code=10;2050;4900;560;540;252;247;544;540;256;247;552;244;547;248;548;540;255;536;260;243;552;248;548;535;260;532;264;527;268;532;259;236;560;532;263;240;552;535;256;540;259;536;256;248;543;252;548;239;556;540;252;247;548;252;543;540;260;532;259;536;260;532;263;536;260;535;260;244;548;247;548;244;551;244;552;536;255;248;548;243;556;248;544;247;552;248;548;239;556;248;543;248;548;243;556;240;552;251;548;244;548;239;556;244;551;252;544;532;259;248;552;536;255;536;264;243;544;252;547;244;552;244;547;252;548;247;548;244;552;243;544;532;&CMDEND
ch1604Stop=CMDBEGINsend_rf_code=10;2050;4900;560;535;256;244;551;536;260;243;548;252;540;255;548;536;260;535;260;244;543;248;548;536;259;536;260;531;264;528;264;251;548;536;255;244;552;532;259;536;264;531;260;244;552;243;548;252;547;536;256;248;543;252;548;531;268;532;256;535;260;532;263;536;260;532;263;248;544;243;548;248;556;239;552;536;259;244;548;252;543;248;548;247;544;252;548;247;548;244;547;248;552;240;551;248;548;247;548;248;544;251;548;532;260;251;540;252;547;244;552;536;259;532;268;239;548;244;552;243;552;536;259;532;264;239;552;248;548;243;548;532;&CMDEND
ch1604Down=CMDBEGINsend_rf_code=10;2050;4900;556;535;260;244;552;535;256;244;551;252;544;243;556;528;264;531;260;244;552;243;552;532;263;536;260;536;259;532;264;239;552;536;260;239;556;532;259;536;260;532;259;248;548;247;548;248;548;535;260;248;547;248;548;536;259;536;256;535;260;536;260;531;264;528;267;240;556;244;551;244;552;235;552;536;264;243;548;248;543;248;548;252;547;252;544;247;548;248;544;251;548;244;552;243;548;248;547;248;552;536;255;244;552;243;552;244;548;247;552;532;263;536;256;243;556;248;544;536;263;532;260;535;260;244;547;248;548;243;544;536;&CMDEND
ch1605Up=CMDBEGINsend_rf_code=10;2050;4900;556;532;267;240;548;539;260;244;552;243;548;248;551;532;260;536;255;252;548;243;552;536;260;531;264;532;259;536;260;243;552;536;256;247;552;536;256;531;264;532;259;252;544;243;552;248;548;540;255;248;548;247;544;536;264;531;260;532;263;532;260;540;255;536;264;239;552;244;552;243;552;536;255;252;548;243;548;248;552;243;548;248;543;252;548;244;551;248;548;243;548;252;540;255;544;252;544;247;552;248;543;248;548;244;551;532;260;243;552;532;264;535;260;244;552;247;548;244;551;244;548;540;255;248;548;243;552;248;539;536;&CMDEND
ch1605Stop=CMDBEGINsend_rf_code=10;2050;4900;556;540;252;251;548;532;264;247;548;244;547;248;548;536;263;532;264;243;548;244;548;535;264;536;259;532;260;536;259;244;552;531;264;244;552;535;256;536;259;528;268;243;548;244;548;255;548;528;264;243;548;248;551;536;256;536;259;536;260;536;255;540;256;535;260;244;551;244;552;243;548;540;256;243;556;244;544;251;548;248;548;247;544;252;543;252;548;247;548;248;548;247;544;248;548;243;552;252;543;244;552;536;255;248;548;247;552;248;548;531;260;536;259;248;548;243;556;532;256;247;552;244;552;247;544;248;547;248;544;532;&CMDEND
ch1605Down=CMDBEGINsend_rf_code=10;2050;4900;556;535;260;248;547;536;256;252;543;248;552;247;548;536;256;539;260;248;535;260;544;536;259;536;260;536;259;532;256;251;552;528;268;243;552;532;259;540;252;540;255;248;548;247;544;256;539;540;260;244;551;244;548;536;263;536;260;532;263;528;264;535;256;536;263;244;548;243;552;244;552;536;259;244;552;243;552;244;552;243;552;248;547;244;552;243;544;256;548;243;552;248;544;251;548;244;552;243;552;532;259;244;548;251;548;244;548;251;544;536;259;536;260;252;543;532;264;243;548;248;548;247;548;248;543;252;552;240;547;532;&CMDEND
ch1606Up=CMDBEGINsend_rf_code=10;2050;4900;548;540;264;243;552;532;259;244;548;251;544;248;552;535;256;536;260;243;556;244;547;536;260;536;259;536;256;535;264;244;548;531;260;248;555;532;260;532;259;532;260;243;556;244;552;243;548;536;259;244;552;243;552;540;256;531;260;536;260;539;256;536;259;532;260;243;556;244;552;536;255;248;548;243;548;248;556;235;556;239;556;240;548;255;548;240;552;247;548;248;552;243;548;244;547;248;552;243;552;244;552;239;552;248;548;539;256;244;552;539;256;532;263;240;552;251;548;244;552;531;260;536;259;244;552;248;547;248;540;536;&CMDEND
ch1606Stop=CMDBEGINsend_rf_code=10;2050;4900;560;536;260;247;548;536;260;247;540;256;547;244;552;536;259;536;260;243;552;244;552;535;252;544;255;544;244;544;255;256;544;540;255;248;544;535;264;528;263;536;260;244;551;244;548;247;548;532;264;247;548;248;552;527;260;540;259;532;260;532;259;540;252;535;268;244;539;256;552;528;255;248;552;239;556;252;540;251;548;244;556;239;548;244;555;240;552;243;552;244;548;247;548;248;552;243;552;244;547;248;552;528;263;244;552;243;552;244;552;535;260;532;259;248;548;244;551;528;264;536;259;244;548;251;548;240;551;252;540;536;&CMDEND
ch1606Down=CMDBEGINsend_rf_code=10;2050;4900;556;536;256;247;544;544;260;247;544;252;543;248;548;544;251;536;260;247;544;248;548;535;264;532;259;536;260;532;263;244;552;532;263;244;544;544;255;532;268;531;252;248;551;244;552;243;552;536;260;243;544;252;543;536;268;532;255;536;264;532;259;536;260;527;268;248;539;252;552;536;255;244;548;251;548;248;544;251;548;244;548;247;548;244;555;244;548;247;544;252;548;239;552;252;552;239;552;244;547;540;256;248;547;248;544;251;548;244;552;531;268;528;264;243;552;532;263;240;552;536;259;244;556;239;552;248;548;243;544;536;&CMDEND
ch1607Up=CMDBEGINsend_rf_code=10;2050;4900;555;540;252;256;547;536;256;247;552;244;544;251;544;536;260;535;260;252;543;248;552;532;259;536;260;527;264;536;260;243;552;532;259;252;544;532;267;528;268;532;259;244;552;243;548;248;551;536;248;256;543;244;556;532;263;536;256;535;256;536;263;532;264;528;259;248;552;531;260;248;548;243;552;244;552;243;552;239;556;244;548;247;552;244;548;251;544;248;552;239;552;248;551;244;552;243;548;248;544;247;548;252;544;251;544;540;255;244;552;540;251;536;260;247;552;244;548;539;256;536;264;527;260;248;547;248;548;247;544;532;&CMDEND
ch1607Stop=CMDBEGINsend_rf_code=10;2050;4900;559;536;256;248;551;536;252;251;544;248;548;251;544;540;260;531;264;244;547;244;556;536;255;544;252;531;264;536;260;243;552;528;263;244;552;540;255;536;256;540;255;248;548;247;548;248;547;532;264;243;552;244;556;527;264;536;260;531;268;528;264;531;264;524;263;252;548;532;263;244;548;247;552;240;552;251;544;244;551;252;544;247;548;248;552;243;544;252;548;239;556;244;551;244;552;243;552;240;552;251;548;536;256;243;552;244;552;247;552;528;267;528;264;243;548;536;264;243;548;540;256;243;548;252;547;248;552;244;539;536;&CMDEND
ch1607Down=CMDBEGINsend_rf_code=10;2050;4900;556;531;264;244;551;540;252;256;539;248;548;247;548;540;256;539;256;244;547;248;552;536;263;528;260;536;259;536;260;247;548;540;256;243;552;536;259;536;260;536;259;244;552;243;552;244;552;535;256;248;548;247;544;544;259;532;260;532;267;528;260;535;264;532;264;243;548;540;259;240;560;239;544;244;556;243;552;244;552;243;556;248;539;256;544;252;543;248;544;243;556;244;548;251;544;256;544;247;544;540;255;248;548;252;543;248;552;243;548;540;260;531;264;244;548;535;260;536;259;532;260;247;552;240;552;247;548;244;547;532;&CMDEND
ch1608Up=CMDBEGINsend_rf_code=10;2050;4900;556;532;259;248;548;544;251;244;552;247;548;248;548;539;256;532;259;248;544;247;548;544;256;539;252;536;259;532;260;252;547;536;260;247;548;528;268;531;260;536;260;247;544;248;547;248;548;531;268;240;552;243;552;536;260;535;260;532;259;536;264;536;255;536;256;539;256;244;552;243;552;244;551;252;540;252;543;244;556;243;548;244;548;251;548;248;547;244;552;243;552;244;548;243;556;240;556;243;548;248;548;243;552;248;551;532;260;247;548;532;264;531;264;244;552;531;260;536;259;532;264;532;259;244;548;247;556;240;548;531;&CMDEND
ch1608Stop=
ch1608Down=
ch1609Up=CMDBEGINsend_rf_code=10;2050;4900;552;540;260;243;548;540;256;247;548;248;547;244;552;536;259;536;252;251;548;248;548;539;252;532;272;535;252;544;255;248;544;531;264;244;547;540;260;532;263;528;264;243;552;244;552;247;548;532;264;239;552;248;547;536;260;532;263;536;260;540;255;532;260;531;264;244;556;243;548;248;547;244;548;243;552;244;556;243;548;248;548;243;552;248;547;244;552;243;544;252;548;247;552;248;548;527;268;244;547;244;552;243;552;248;548;540;251;248;556;527;260;536;259;540;260;532;259;536;260;527;268;536;260;243;552;244;544;535;256;536;&CMDEND
ch1609Stop=CMDBEGINsend_rf_code=10;2050;4900;556;535;256;256;540;535;256;252;547;248;544;247;548;540;256;535;264;244;547;244;556;532;259;536;260;532;259;532;260;239;560;532;264;239;548;536;271;528;256;536;263;244;548;247;544;248;552;535;256;248;547;244;552;536;259;544;252;531;264;528;263;540;260;532;255;248;544;251;548;244;548;251;544;252;544;255;540;244;551;244;552;247;544;248;552;239;552;248;552;239;556;244;547;244;556;528;267;240;552;247;552;528;264;243;548;248;547;252;544;536;259;536;256;251;540;256;544;243;552;536;255;256;536;260;539;244;556;532;255;528;&CMDEND
ch1609Down=CMDBEGINsend_rf_code=10;2050;4900;548;540;251;252;544;552;243;252;548;247;544;244;552;539;256;536;259;252;544;243;548;532;264;535;264;528;260;531;264;244;547;536;260;243;556;532;260;535;260;532;264;247;544;244;551;244;552;536;263;240;552;243;552;536;256;539;260;528;268;527;268;528;259;536;264;239;556;244;544;247;548;256;539;248;544;247;548;252;544;251;548;244;548;247;548;244;552;247;552;248;543;244;552;243;552;536;260;243;548;540;256;243;556;244;551;244;548;243;556;528;268;532;259;244;548;251;544;536;263;528;260;247;548;248;548;243;552;536;256;531;&CMDEND
ch1610Up=CMDBEGINsend_rf_code=10;2050;4900;556;536;255;252;548;535;256;248;543;248;548;252;543;544;252;536;255;256;544;235;560;532;259;532;264;532;263;532;260;243;552;528;268;243;552;532;264;523;268;532;259;244;552;247;544;248;552;531;260;248;547;244;556;528;263;532;264;532;263;532;260;535;260;532;259;248;544;251;544;252;544;247;552;240;552;243;548;248;551;248;544;252;543;248;552;239;552;244;552;247;548;248;543;536;260;243;556;244;548;243;552;248;548;243;552;532;264;243;552;532;259;536;260;536;259;528;268;527;264;536;260;527;264;243;552;532;264;239;552;532;&CMDEND
ch1610Stop=CMDBEGINsend_rf_code=10;2050;4900;560;540;252;243;560;528;263;244;552;243;544;252;548;540;255;536;260;243;548;248;552;535;260;536;255;536;264;532;259;252;548;527;264;244;552;535;260;528;267;532;260;247;548;248;548;247;548;532;264;247;544;248;551;536;256;536;263;536;260;531;264;528;272;523;264;248;548;243;552;239;552;248;552;243;552;244;548;247;552;244;552;243;548;248;552;243;552;244;551;244;548;247;552;536;260;243;548;252;544;243;560;528;264;239;552;248;547;244;556;532;263;528;260;247;552;240;555;248;548;536;259;244;548;247;548;540;260;239;548;536;&CMDEND
ch1610Down=CMDBEGINsend_rf_code=10;2050;4900;556;536;255;256;548;532;251;264;536;247;556;240;552;535;260;536;259;244;548;252;547;532;260;540;255;536;260;535;264;244;547;536;260;248;547;536;264;528;263;532;264;239;556;244;552;247;544;536;259;248;544;251;552;528;268;531;264;532;260;531;268;528;263;528;272;235;548;256;548;235;556;248;548;243;552;244;552;251;544;244;551;244;552;248;547;244;548;251;548;240;556;247;556;524;263;248;548;239;556;536;256;247;548;252;548;239;556;244;548;539;260;528;267;240;548;247;556;536;256;536;255;248;552;247;548;536;260;239;548;536;&CMDEND
ch1611Up=CMDBEGINsend_rf_code=10;2050;4900;551;540;256;251;544;540;256;247;548;260;536;247;548;540;255;536;260;243;548;248;552;536;259;528;260;543;252;540;259;248;548;528;267;240;552;536;259;532;264;531;260;248;547;244;552;243;548;540;256;247;548;248;552;531;264;532;260;535;260;536;259;532;264;532;259;244;544;255;544;248;547;248;548;243;552;244;552;247;548;244;548;255;544;248;548;243;548;252;543;248;552;540;255;252;540;251;544;248;544;251;548;248;548;243;552;536;263;244;552;528;267;528;264;535;260;532;264;531;260;532;263;532;264;536;255;248;544;251;540;540;&CMDEND
ch1611Stop=CMDBEGINsend_rf_code=10;2050;4900;556;539;256;244;551;536;260;243;544;252;544;251;548;540;260;523;272;236;556;243;552;528;271;528;256;535;260;536;256;247;552;536;255;248;548;540;259;532;264;532;255;248;552;243;548;248;551;532;264;244;543;252;552;536;255;536;256;535;260;536;260;535;260;532;259;244;548;247;548;248;548;247;548;244;551;244;552;252;543;248;544;247;552;244;552;243;548;248;552;239;556;532;259;244;552;239;556;248;544;243;560;528;264;247;540;256;543;244;552;536;259;532;260;247;548;248;548;251;544;540;251;248;552;536;255;244;556;243;540;540;&CMDEND
ch1611Down=CMDBEGINsend_rf_code=10;2050;4900;556;535;260;244;552;531;264;244;547;248;548;247;552;536;260;536;255;244;548;251;548;532;263;528;260;536;263;532;260;247;548;536;260;243;548;540;259;524;276;528;259;244;552;243;548;252;544;535;260;248;547;248;552;532;263;536;252;535;264;532;260;531;264;532;268;235;552;247;548;244;556;247;540;252;552;243;548;252;548;239;552;244;551;248;548;243;552;244;552;239;560;528;264;243;548;248;551;240;556;532;259;248;548;247;552;240;556;239;552;536;260;535;260;244;547;244;556;523;272;532;264;239;556;532;264;243;548;244;539;540;&CMDEND
ch1612Up=CMDBEGINsend_rf_code=10;2050;4900;543;544;260;243;552;536;256;247;540;260;548;247;544;532;263;536;252;256;543;252;548;532;259;532;264;535;260;536;255;248;548;540;251;248;552;535;260;532;260;539;256;248;547;252;544;248;547;536;256;247;552;244;548;535;260;540;260;535;260;536;251;536;264;532;259;248;552;239;548;252;543;244;556;252;543;244;548;247;548;244;552;247;548;252;540;255;544;248;547;536;260;243;552;244;548;247;552;244;552;247;544;248;548;243;552;536;259;244;552;536;259;536;260;243;552;248;539;252;548;248;547;252;544;243;548;252;544;251;540;536;&CMDEND
ch1612Stop=CMDBEGINsend_rf_code=10;2050;4900;556;540;251;252;544;536;259;248;544;255;544;248;548;531;268;528;259;244;556;244;551;532;264;527;264;528;264;539;256;244;551;532;260;243;552;536;260;531;260;536;260;243;552;248;547;244;552;532;259;240;556;247;544;540;260;531;264;536;255;532;264;532;263;532;264;235;552;248;552;243;552;240;555;240;552;243;556;244;548;247;548;240;556;247;544;248;547;252;548;532;259;248;548;243;544;256;544;247;552;248;543;536;260;244;551;244;548;247;552;532;260;540;255;244;552;243;552;244;551;536;256;540;255;244;552;247;548;248;539;532;&CMDEND
ch1612Down=CMDBEGINsend_rf_code=10;2050;4900;556;540;256;247;548;532;259;248;544;252;539;252;552;536;259;536;260;243;548;248;547;536;260;532;263;532;260;531;264;244;552;535;260;244;552;535;260;532;263;532;260;247;552;240;548;247;552;536;264;239;544;256;543;532;264;532;263;528;268;527;264;532;259;540;260;244;547;248;548;243;552;244;552;243;552;244;552;239;556;248;547;244;552;244;547;248;548;247;552;532;260;247;544;248;552;247;548;248;543;540;256;243;552;248;548;243;552;244;547;536;260;536;263;240;552;247;548;536;256;540;259;532;264;239;552;244;551;248;548;532;&CMDEND
ch1613Up=CMDBEGINsend_rf_code=10;2050;4900;564;532;263;244;548;536;259;248;544;247;552;240;556;539;260;532;255;244;556;243;552;532;264;531;260;536;264;531;264;240;556;531;260;239;560;528;260;536;263;532;264;243;552;240;552;247;548;536;263;240;552;248;547;536;260;536;259;536;260;531;264;532;259;536;260;243;552;248;548;243;556;240;556;243;548;248;548;247;548;248;547;248;548;252;543;248;552;536;255;248;552;243;548;248;552;247;544;248;547;248;552;243;552;248;548;536;259;248;544;535;264;532;264;243;552;244;547;248;552;248;543;536;264;243;548;248;552;243;544;536;&CMDEND
ch1613Stop=CMDBEGINsend_rf_code=10;2050;4900;568;528;255;256;548;532;255;248;548;243;552;248;548;535;260;532;263;244;548;247;548;536;264;532;263;536;256;531;264;240;547;536;260;247;552;532;264;531;260;536;260;235;556;248;547;244;552;532;259;248;548;247;548;536;260;539;256;536;259;536;260;528;267;528;264;247;540;256;539;256;540;260;539;248;548;252;539;252;544;255;540;252;548;247;544;252;543;536;264;240;551;244;552;243;552;248;544;247;548;248;552;531;260;244;551;244;552;243;552;536;260;531;260;248;548;247;548;540;251;244;552;251;544;248;548;243;556;244;539;536;&CMDEND
ch1613Down=CMDBEGINsend_rf_code=10;2050;4900;564;531;264;240;555;536;260;243;544;248;556;239;548;540;260;531;260;244;551;244;552;532;263;536;256;535;260;536;260;243;552;532;259;248;548;536;259;536;264;532;259;244;552;239;552;248;551;532;260;247;544;252;552;527;268;524;264;531;264;532;263;532;260;532;263;248;544;247;548;248;552;243;548;244;556;239;552;244;551;244;552;243;552;244;552;243;552;532;255;252;552;244;551;244;548;247;548;244;548;535;260;244;556;243;544;252;547;248;548;536;259;528;268;239;556;532;264;239;552;252;539;248;552;243;548;248;552;243;548;528;&CMDEND
ch1614Up=CMDBEGINsend_rf_code=10;2050;4900;556;536;252;255;544;536;259;244;552;243;548;252;548;536;259;532;264;239;552;248;548;535;260;536;259;532;260;540;255;248;552;531;264;240;552;535;260;532;259;536;264;239;552;244;552;243;552;536;264;239;552;240;551;536;260;532;267;532;260;535;260;532;264;531;260;244;555;240;552;243;552;244;556;239;552;244;552;239;552;248;552;243;552;244;551;532;264;243;552;244;544;251;544;248;547;252;548;248;547;248;544;252;547;248;548;532;263;244;552;531;260;536;259;244;552;244;547;248;552;532;263;536;256;243;552;248;548;247;544;528;&CMDEND
ch1614Stop=CMDBEGINsend_rf_code=10;2050;4900;556;536;260;247;540;544;252;255;544;252;544;251;544;540;259;540;252;247;548;252;544;540;255;540;260;531;260;532;259;244;556;532;259;244;552;531;268;536;256;535;264;240;547;252;544;252;547;536;256;247;548;252;544;535;260;540;256;535;260;536;259;532;264;532;259;248;548;247;544;252;544;251;544;252;543;252;548;248;547;248;544;247;552;244;552;535;256;248;556;239;548;252;543;248;548;248;551;240;548;255;544;540;256;247;552;248;539;248;552;536;259;536;260;243;552;244;548;535;260;536;264;243;548;248;543;248;548;256;539;536;&CMDEND
ch1614Down=CMDBEGINsend_rf_code=10;2050;4900;552;544;251;244;552;540;255;248;548;247;544;252;548;539;256;532;264;247;548;244;551;532;264;536;259;532;264;536;259;244;552;527;264;248;547;540;260;528;267;528;260;243;552;252;544;247;552;528;263;248;548;248;551;532;268;528;259;536;260;535;260;532;272;523;264;240;555;240;552;248;547;244;556;239;552;248;548;251;544;248;548;243;552;256;539;540;260;244;551;244;548;247;552;248;544;251;544;244;556;535;256;248;547;244;552;252;543;248;548;536;259;532;264;239;560;532;259;244;556;528;259;248;548;243;552;252;544;247;544;532;&CMDEND
ch1615Up=CMDBEGINsend_rf_code=10;2050;4900;556;536;256;247;552;536;256;251;544;248;552;243;548;536;259;536;260;247;544;248;552;536;259;536;260;531;260;536;259;244;552;528;263;252;540;539;260;532;264;535;260;244;547;248;548;248;551;532;260;247;548;244;552;531;264;536;260;531;260;536;259;536;260;528;267;244;552;243;552;244;543;252;548;248;547;248;544;243;556;248;552;239;548;532;268;239;552;244;551;248;544;252;547;248;548;243;552;252;540;247;548;244;552;243;556;532;259;248;548;532;267;532;260;243;552;244;548;535;260;540;259;532;256;247;552;244;552;247;536;536;&CMDEND
ch1615Stop=CMDBEGINsend_rf_code=10;2050;4900;551;536;256;247;552;536;260;243;548;248;548;247;544;544;256;535;252;248;547;248;552;532;263;536;260;531;264;532;259;244;552;536;255;244;556;532;263;532;260;531;264;244;547;244;548;247;556;536;248;255;544;240;560;535;256;536;260;531;264;536;255;536;264;528;259;244;552;243;552;248;552;243;548;243;552;244;548;247;556;240;552;243;552;532;264;247;548;240;555;240;548;247;552;244;552;243;552;244;552;247;548;532;259;244;552;248;543;248;556;527;264;532;256;251;548;532;264;243;556;528;259;248;548;243;552;248;548;247;540;536;&CMDEND
ch1615Down=CMDBEGINsend_rf_code=10;2050;4900;560;524;264;251;540;540;264;247;540;252;547;244;548;540;255;532;268;239;556;236;559;524;272;528;263;528;272;523;264;248;548;535;260;244;543;540;260;536;263;528;268;235;560;232;556;251;548;532;264;239;552;248;543;536;264;532;259;536;260;535;260;540;256;535;260;248;543;248;548;247;548;244;548;247;552;244;552;247;548;244;551;248;544;540;255;248;548;247;548;244;552;247;544;252;547;248;548;248;543;540;256;243;552;244;552;243;552;244;552;535;256;536;263;248;548;532;267;528;264;527;264;240;556;243;552;240;555;244;548;532;&CMDEND
ch1616Up=CMDBEGINsend_rf_code=10;2050;4900;556;540;252;251;548;532;264;243;548;248;543;252;544;540;259;536;260;243;548;252;544;535;260;536;264;531;260;528;263;248;552;528;263;252;544;531;264;536;260;531;264;244;547;248;544;247;552;536;260;247;544;248;552;535;260;532;263;532;260;536;259;536;260;536;259;240;547;252;548;244;547;252;548;248;543;248;552;243;552;244;548;531;264;244;551;244;548;256;539;252;544;251;544;244;556;243;556;244;539;252;548;244;551;244;556;528;263;252;540;544;255;536;256;247;548;536;259;536;260;536;259;528;268;243;552;244;548;247;540;532;&CMDEND
ch1616Stop=CMDBEGINsend_rf_code=10;2050;4900;560;532;260;247;544;540;256;251;544;248;547;252;544;536;259;536;260;243;552;240;556;535;256;532;268;527;264;536;255;248;544;540;255;248;552;535;256;540;251;536;268;231;556;252;548;243;552;532;260;247;548;244;551;532;260;532;267;528;268;536;251;540;256;535;256;252;547;248;548;243;552;244;552;243;544;256;544;247;548;248;543;540;256;252;547;248;544;247;548;240;556;243;556;240;552;247;544;248;551;244;560;528;255;252;544;247;548;248;548;535;264;528;259;544;252;247;548;248;548;536;259;244;548;247;548;252;543;248;540;540;&CMDEND
ch1616Down=CMDBEGINsend_rf_code=10;2050;4900;552;539;260;244;552;535;260;244;539;260;544;247;548;536;256;540;255;252;544;251;540;540;264;531;256;540;259;532;256;251;548;540;260;243;548;532;263;532;264;536;255;248;548;243;552;248;548;540;255;244;552;243;548;540;259;532;264;536;259;528;264;531;268;532;264;239;552;244;543;252;544;256;539;256;544;247;544;252;544;251;544;540;255;252;544;248;547;252;544;243;556;244;544;251;544;248;552;243;552;536;255;248;548;251;548;248;548;243;548;540;260;531;264;532;259;248;548;532;263;536;260;243;548;248;548;247;544;248;543;540;&CMDEND
*********************************************************************************************************************************************************************************************************************************************************************************************************************************************************************************************************************************************************************************************************************************************************************************************
ch0601Up=CMDBEGINsend_rf_code=10;2050;4900;568;536;268;240;564;535;276;240;564;239;564;240;568;532;272;535;276;528;272;243;560;536;276;239;565;243;560;244;560;251;556;240;568;536;267;536;272;532;276;239;564;240;564;243;560;536;268;243;565;535;268;536;272;239;564;240;564;536;267;540;272;240;564;527;272;248;560;243;560;248;560;244;564;243;556;244;568;243;560;540;264;247;560;244;560;244;564;243;564;240;564;243;560;244;564;248;551;248;560;248;564;239;560;248;564;536;263;248;560;536;276;531;264;244;564;540;259;248;564;536;268;535;268;244;568;532;267;532;276;532;&CMDEND
ch0601Stop=CMDBEGINsend_rf_code=10;2050;4900;568;532;272;239;564;548;260;243;560;244;564;244;564;535;268;540;264;540;267;252;552;536;272;247;564;244;568;235;564;244;560;248;560;543;264;536;272;536;275;236;564;239;569;243;560;532;272;243;564;536;268;540;267;244;568;236;568;531;272;536;272;248;555;536;272;244;560;243;560;248;564;243;560;248;560;248;560;247;560;532;276;239;560;248;564;240;564;247;560;248;560;248;551;252;556;248;560;247;560;244;564;536;276;231;572;244;560;239;568;532;280;536;263;244;560;544;264;531;280;532;272;239;564;252;556;536;272;535;276;532;&CMDEND
ch0601Down=CMDBEGINsend_rf_code=10;2050;4900;564;536;272;239;560;544;268;247;556;252;556;248;560;539;268;540;268;532;271;244;568;536;268;247;560;244;564;247;556;244;568;240;568;531;268;544;264;540;267;244;564;240;560;251;560;536;268;247;560;536;272;536;268;247;556;244;568;536;271;528;276;244;564;535;272;244;560;247;560;244;560;248;560;239;572;244;560;247;560;532;276;244;568;239;560;252;556;247;560;248;556;252;560;243;564;244;564;243;561;535;272;248;560;243;560;252;560;239;569;535;272;532;276;532;267;244;568;239;565;535;280;236;564;243;564;544;264;540;268;539;&CMDEND
ch0602Up=
ch0602Stop=CMDBEGINsend_rf_code=10;2050;4900;564;536;263;244;568;536;264;251;556;248;564;248;551;540;268;536;272;539;268;248;556;540;267;244;560;244;560;247;560;248;556;243;564;536;272;536;268;539;272;244;560;243;564;244;560;536;276;239;568;532;272;540;267;244;560;248;560;539;268;544;268;243;560;536;272;244;564;243;564;248;560;239;569;243;560;240;572;531;272;244;564;243;565;239;564;248;560;247;564;244;564;244;560;243;564;244;568;243;556;252;560;536;272;243;560;240;568;239;568;536;268;536;272;243;564;536;268;540;267;536;272;244;560;539;264;248;564;243;560;544;&CMDEND
ch0602Down=CMDBEGINsend_rf_code=10;2050;4900;556;544;268;248;559;540;264;252;552;259;552;244;560;544;268;543;264;536;264;251;560;540;268;248;560;243;568;244;556;243;568;244;564;536;268;535;272;540;268;243;564;248;556;248;560;535;268;248;560;540;271;536;268;248;560;243;564;540;268;536;267;248;560;540;272;239;564;248;564;244;555;252;560;244;568;243;564;536;268;244;560;247;560;244;564;252;559;240;568;236;568;239;564;248;564;248;564;235;568;540;272;239;564;244;560;252;556;247;564;536;272;536;271;532;272;244;564;247;560;540;268;239;569;535;272;248;556;243;564;540;&CMDEND
ch0603Up=CMDBEGINsend_rf_code=10;2050;4900;556;540;272;244;568;531;272;236;564;247;565;243;560;532;276;531;272;536;272;239;564;536;272;244;560;239;568;244;564;239;564;244;560;540;268;531;276;532;268;247;564;240;564;239;573;527;272;240;568;531;268;536;272;243;560;244;560;540;268;539;268;240;564;540;267;248;556;252;556;239;572;236;564;239;568;536;264;243;569;239;568;236;564;243;564;244;560;239;568;244;564;244;568;239;564;236;568;243;564;240;564;244;564;243;568;532;268;243;564;536;264;544;264;243;564;532;268;247;564;528;272;548;259;540;272;524;272;243;568;536;&CMDEND
ch0603Stop=CMDBEGINsend_rf_code=10;2050;4900;564;536;275;236;568;532;276;239;568;240;560;256;555;540;272;536;272;536;275;244;556;540;272;239;568;244;564;239;568;240;564;244;568;531;276;532;276;532;271;244;568;236;568;239;568;536;272;244;560;535;276;528;276;247;560;236;572;528;280;531;276;232;568;535;272;244;568;235;565;247;560;244;564;243;560;532;276;239;564;244;564;240;564;247;560;240;564;239;573;239;564;240;564;243;568;240;568;244;564;235;568;532;280;231;576;236;560;247;569;531;268;536;280;235;568;528;272;540;272;531;272;248;560;531;280;532;276;235;569;531;&CMDEND
ch0603Down=CMDBEGINsend_rf_code=10;2050;4900;564;536;268;252;555;536;272;248;564;243;560;244;564;536;271;540;272;536;264;247;564;536;272;244;560;247;560;244;568;243;564;244;564;540;268;535;272;536;272;239;560;256;560;240;568;536;271;244;568;532;272;535;276;240;564;247;560;540;268;536;272;243;564;536;272;244;568;235;564;248;564;243;568;244;560;540;268;243;564;248;564;243;565;243;568;236;568;243;564;244;568;244;556;247;568;240;568;243;556;544;268;240;568;243;564;244;564;240;568;535;276;532;272;540;271;240;560;244;568;531;276;244;564;540;268;535;272;244;564;531;&CMDEND
ch0604Up=CMDBEGINsend_rf_code=10;2050;4900;573;523;276;240;568;531;276;240;564;239;569;239;560;544;264;539;268;536;272;239;564;540;268;240;572;239;568;240;564;239;569;239;564;544;264;540;263;536;276;235;568;240;568;240;572;527;272;244;564;536;267;540;272;240;568;239;564;536;272;532;271;244;572;528;276;239;560;244;568;239;565;251;552;536;272;239;568;240;564;247;565;239;568;236;568;243;564;244;564;244;564;239;564;240;564;247;560;244;560;247;560;240;564;244;564;544;267;236;564;536;276;535;268;248;560;535;272;536;268;243;560;244;568;244;556;543;272;240;568;532;&CMDEND
ch0604Stop=CMDBEGINsend_rf_code=10;2050;4900;564;536;276;235;564;536;272;239;568;240;564;244;564;535;268;536;272;535;272;244;560;536;272;243;560;252;556;239;572;236;568;244;559;540;268;536;272;535;272;240;564;239;569;243;560;540;272;239;564;536;268;536;271;244;564;240;568;531;268;540;272;235;568;536;272;240;568;239;560;240;568;243;560;540;268;240;568;235;564;244;564;243;560;244;564;243;565;247;556;248;564;235;568;244;560;243;564;244;564;236;568;531;272;244;568;239;560;244;568;528;276;531;272;240;568;536;267;532;272;536;276;531;268;240;568;535;272;244;560;532;&CMDEND
ch0604Down=CMDBEGINsend_rf_code=10;2050;4900;564;536;267;240;564;544;263;248;564;244;560;247;564;540;268;544;264;535;268;248;560;544;263;248;564;248;556;243;564;244;564;247;561;531;276;536;272;531;280;232;568;244;568;243;560;540;268;247;564;536;272;532;280;239;564;244;564;536;267;540;272;244;556;544;267;244;564;244;559;252;564;240;568;532;271;240;572;240;564;247;560;248;560;252;560;243;564;244;564;247;560;248;560;248;560;247;560;252;552;540;276;243;560;248;568;239;560;252;560;532;280;535;268;540;268;243;560;252;560;536;272;540;267;244;564;536;272;243;568;540;&CMDEND
ch0605Up=CMDBEGINsend_rf_code=10;2050;4900;560;536;272;239;564;540;264;243;568;240;564;239;569;531;268;540;272;527;276;240;564;536;267;244;564;239;565;239;564;244;564;243;564;528;272;532;275;528;276;244;560;243;568;240;560;535;272;240;564;536;272;527;276;244;560;239;568;532;272;540;263;244;564;536;268;239;568;240;560;251;556;536;268;243;569;231;576;240;560;243;564;236;568;243;560;244;560;244;560;243;564;244;564;243;560;244;560;248;559;244;560;248;560;243;560;540;264;247;564;536;272;532;268;247;560;536;268;536;271;244;568;524;276;243;564;536;268;243;564;532;&CMDEND
ch0605Stop=CMDBEGINsend_rf_code=10;2050;4900;565;539;272;240;560;536;271;244;564;239;564;244;564;536;268;535;272;536;268;247;561;535;272;244;560;247;560;244;564;243;564;244;560;536;268;539;272;536;272;239;569;239;564;244;564;536;271;240;568;536;267;532;272;244;564;243;560;544;260;540;271;244;560;536;268;243;568;244;556;251;556;536;272;244;560;243;560;248;564;235;568;240;568;244;568;235;560;248;564;235;572;240;568;240;564;247;560;240;564;243;564;540;272;235;565;247;560;244;564;536;271;540;264;536;272;239;568;244;564;243;564;244;560;239;565;539;272;244;564;528;&CMDEND
ch0605Down=CMDBEGINsend_rf_code=10;2050;4900;560;539;268;244;552;548;263;248;560;248;556;247;560;536;272;540;263;544;264;248;560;531;272;244;564;243;568;244;560;248;556;247;556;544;268;536;271;536;264;243;569;247;556;244;568;536;271;248;552;540;272;535;264;256;560;239;560;540;264;548;264;247;560;540;272;235;564;252;556;239;573;535;268;244;564;247;556;248;556;252;556;255;552;248;560;251;552;256;556;252;564;243;560;244;560;243;569;243;564;532;272;247;556;248;560;243;564;248;560;540;264;544;267;540;260;256;560;535;268;252;556;247;560;244;564;544;268;239;560;540;&CMDEND
ch0606Up=CMDBEGINsend_rf_code=10;2050;4900;568;536;280;235;560;536;276;235;568;236;568;247;565;531;268;540;268;544;263;244;568;528;271;244;560;244;568;243;564;240;564;247;552;548;264;536;272;535;272;240;560;256;551;248;568;532;276;243;560;536;268;544;264;239;572;244;560;536;271;540;264;239;573;539;260;252;556;255;552;536;272;243;565;243;560;244;568;243;560;244;564;240;576;235;564;240;564;243;564;244;568;244;552;259;552;248;564;239;564;240;576;236;560;247;564;540;264;247;564;536;272;532;272;243;560;544;264;548;268;531;276;524;276;239;572;532;272;244;559;536;&CMDEND
ch0606Stop=CMDBEGINsend_rf_code=10;2050;4900;556;536;272;243;556;540;264;251;560;252;552;248;560;535;268;536;272;536;267;248;560;532;276;243;560;240;568;243;560;248;556;248;559;540;268;532;276;536;263;252;556;239;568;248;560;536;276;235;560;540;268;540;267;244;564;244;560;539;260;548;264;247;564;536;268;244;560;247;560;536;268;243;564;248;560;248;552;247;564;244;564;243;560;244;564;244;555;248;564;240;568;239;564;244;564;239;565;243;564;240;564;535;268;240;568;243;564;244;560;532;276;535;272;536;268;247;560;240;560;540;272;239;564;244;564;536;263;244;568;540;&CMDEND
ch0606Down=CMDBEGINsend_rf_code=10;2050;4900;552;548;264;247;556;544;264;244;564;247;556;248;560;544;255;548;260;544;263;248;560;532;272;251;552;244;568;243;565;239;564;240;568;540;263;540;272;536;267;244;560;248;560;243;568;536;272;239;565;535;272;532;272;247;560;248;556;544;268;535;272;240;564;544;263;244;564;244;560;539;272;240;568;243;560;248;556;248;564;243;560;244;564;247;560;244;560;248;564;243;564;240;564;243;560;244;564;248;560;535;272;244;564;239;568;244;560;244;568;527;276;536;268;536;271;244;564;532;280;531;268;240;572;244;559;536;272;240;568;540;&CMDEND
ch060UpAll=CMDBEGINsend_rf_code=10;2050;4900;568;527;276;240;568;536;267;240;568;240;568;235;564;540;268;536;267;540;268;240;568;535;268;244;564;243;564;244;560;244;564;243;560;540;268;536;267;540;272;240;560;247;560;244;564;536;267;240;568;532;267;536;272;244;564;243;564;532;272;536;271;240;564;536;272;243;560;240;564;536;267;540;268;536;272;531;268;536;276;531;272;240;568;239;564;244;564;240;564;243;564;240;572;231;568;244;564;240;564;243;564;240;568;243;556;540;268;248;564;535;264;536;272;536;267;240;568;244;564;535;272;528;276;239;564;240;568;536;272;531;&CMDEND
ch060StopAll=CMDBEGINsend_rf_code=10;2050;4900;564;532;276;240;560;539;268;240;564;243;560;248;556;536;271;536;268;532;272;243;560;532;272;247;560;240;568;239;565;239;564;240;564;535;268;536;272;531;268;244;564;239;569;239;560;540;268;243;556;540;268;532;271;244;560;243;564;532;268;544;264;243;560;536;268;239;568;240;564;536;263;536;272;536;272;531;272;532;268;544;263;240;568;244;564;235;564;248;556;243;560;248;560;247;556;248;560;244;555;244;564;536;272;247;556;244;564;243;560;532;272;536;264;539;272;240;560;535;272;532;276;235;564;244;564;244;560;535;268;536;&CMDEND
ch060DownAll=CMDBEGINsend_rf_code=10;2050;4900;569;535;272;240;560;544;263;252;560;240;564;247;560;540;272;540;263;544;260;248;564;539;268;244;560;251;560;240;568;244;564;247;556;540;268;544;268;535;276;244;568;235;564;252;556;544;268;243;568;532;268;536;276;243;560;248;560;544;263;540;272;248;556;543;268;244;572;235;565;535;276;532;272;540;275;532;272;540;268;535;276;240;564;247;569;235;564;248;560;247;564;244;560;244;564;251;556;248;564;540;272;243;564;240;564;247;560;248;564;544;260;544;267;540;268;536;271;244;568;536;268;251;556;244;564;248;564;539;272;532;&CMDEND
*********************************************************************************************************************************************************************************************************************************************************************************************************************************************************************************************************************************************************************************************************************************************************************************************
ch01Up=CMDBEGINsend_rf_code=10;2050;4900;621;520;288;215;596;516;284;223;588;224;580;231;585;519;284;520;288;520;284;231;584;520;284;519;280;236;576;231;585;519;292;516;288;515;289;227;576;227;585;527;276;232;584;223;585;523;288;520;276;235;581;519;284;231;577;227;580;228;584;524;284;227;580;528;280;227;580;224;588;219;585;231;580;228;576;231;577;231;580;524;284;227;576;232;580;227;581;227;584;228;576;223;589;223;580;228;584;227;580;228;576;231;581;227;584;520;284;231;589;519;284;524;284;515;288;228;572;235;589;519;292;216;584;520;288;523;288;512;272;515;&CMDEND
ch01Stop=CMDBEGINsend_rf_code=10;2050;4900;608;524;284;223;585;523;284;223;585;231;576;228;580;524;288;519;288;524;288;215;584;528;284;524;284;223;580;232;584;524;280;523;284;524;284;227;576;236;580;520;288;223;576;232;588;516;284;527;280;228;588;519;280;228;584;223;585;227;584;520;280;227;589;519;284;228;584;219;589;227;576;227;581;227;576;240;576;223;585;523;284;228;580;227;576;236;576;227;581;227;580;228;584;227;577;231;576;232;576;231;580;524;288;227;577;231;576;232;584;520;288;515;288;524;284;227;580;524;280;231;585;519;280;528;284;519;293;519;260;531;&CMDEND
ch01Down=CMDBEGINsend_rf_code=10;2050;4900;609;527;276;227;585;519;284;228;584;227;577;231;576;528;284;519;280;536;276;227;585;523;288;520;280;227;581;231;580;520;292;519;280;524;292;223;577;231;580;524;280;231;576;232;580;524;284;523;280;228;588;524;280;227;576;244;564;231;580;528;280;231;581;519;280;232;580;223;585;231;580;228;580;231;572;228;584;232;576;523;276;236;576;235;572;232;580;227;585;219;580;236;576;227;585;223;584;228;576;528;279;232;576;232;576;227;580;236;572;532;280;527;276;532;280;524;279;232;572;231;589;519;284;524;284;528;275;532;260;523;&CMDEND
